0.843197
0.039582
1.011632
-0.227458
-0.225443
3.989634
-0.061191
1.981377
-0.682869
0.836328
0.632044
0.540845
1.751828
0.405848
0.526805
0.154704
1.251154
0.137630
0.209633
0.677215
-2.929215
-3.211411
0.906849
-2.272346
0.669801
0.460418
0.378256
-3.346349
1.113939
-2.452076
1.292089
0.884507
0.557018
0.375276
0.258106
-0.369165
-0.177513
0.152312
0.342092
-0.121238
-1.049097
0.741494
0.853922
0.498379
-0.043806
0.407314
0.278919
-0.753221
0.250430
-0.001567
0.687762
0.840957
0.136793
-0.001836
0.196892
-0.921315
0.153498
0.227941
0.029574
0.512055
0.534996
0.465273
0.743880
0.743425
1.023886
0.354147
1.097269
1.555297
0.874202
0.350053
-0.154267
0.444725
0.966283
0.266776
0.152812
0.102544
0.875428
0.068469
0.273093
0.464780
0.706878
-0.229430
0.251046
0.658377
2.704636
0.794561
0.268064
-0.081396
-0.027013
-0.406529
-0.400025
1.138669
0.346348
1.595251
0.627190
0.349143
0.736103
0.472939
0.346615
0.584871
0.118326
0.834745
-0.262450
0.654103
1.335942
2.777929
0.298230
0.778956
-1.900016
-0.013223
0.470334
0.431306
0.239492
0.480710
0.653500
3.312650
0.190173
0.338442
1.010957
0.288780
0.794990
0.704920
1.041419
0.075378
0.614606
0.959004
0.205929
-0.238985
1.187901
-0.025310
0.632299
1.018705
1.235076
0.155667
2.783751
0.569743
1.464947
-3.838151
-0.034045
0.732135
0.474767
0.595677
0.114037
0.168756
-0.599385
0.413168
1.091060
0.399320
0.831937
0.109308
2.168070
2.765045
0.483600
-0.132587
0.909927
0.428415
0.843761
0.492238
0.105139
0.668763
-0.059494
2.212423
0.215332
0.084534
0.336206
0.718419
0.826561
0.709575
1.157020
0.148988
0.988282
0.500193
1.005329
1.154427
0.728347
3.380546
0.321991
0.561016
0.707092
0.197659
0.031142
0.116040
0.185668
-0.296924
0.518927
0.241453
0.704545
0.531905
0.709534
0.822129
-1.574512
0.738089
0.469832
-0.307442
0.842907
0.533452
0.524355
0.016660
0.014377
0.910280
0.913768
0.651791
-0.063992
-0.321438
0.389198
0.767410
0.356478
0.474347
0.232313
1.277882
1.369843
0.375232
0.557287
-0.096387
0.719430
-0.628645
0.768514
-0.042822
0.343247
0.714218
0.552073
0.392665
0.813827
0.661125
0.671461
0.703346
1.032447
1.249949
0.862945
0.391419
-2.304969
0.316445
0.786497
0.674672
0.667282
0.238091
2.147220
0.374448
-1.648744
0.440406
0.235342
0.550619
0.436234
0.241542
2.518224
0.079851
0.730203
0.643370
1.170345
0.437258
0.130939
0.322431
0.163731
-0.282620
0.667766
1.826819
0.454895
0.391064
0.039448
0.965569
0.539257
0.604072
0.360361
0.159192
0.368295
0.010541
0.878244
0.607089
-0.013113
0.731229
1.273192
2.724980
0.998875
0.172435
0.381202
0.984567
0.768004
0.555191
1.412314
-0.121463
1.389097
0.419804
2.473136
1.095394
0.366619
0.768180
1.348590
3.540853
-3.198122
0.305338
-0.178076
0.888037
-0.296884
0.314559
1.287577
0.156814
1.138778
0.474956
3.180908
0.054070
-0.506725
0.892217
0.599386
-0.100175
1.009393
0.103843
0.775593
-0.062665
1.162782
0.827620
1.308056
0.266592
-0.173354
0.469487
-0.025502
1.318434
0.313510
0.730270
0.374115
0.825972
-0.322999
0.513524
0.788323
0.747036
0.420690
-0.164214
1.150309
0.524621
0.726146
2.601687
0.016027
0.354240
0.983056
0.366087
0.864942
0.394371
0.364892
-2.864540
-0.149004
0.505671
0.287398
0.821005
0.498559
-0.378786
0.458020
-0.023205
0.694072
1.137289
0.461341
0.222481
0.221271
-0.555705
0.296143
0.800148
0.823435
0.584392
0.886305
0.954807
-3.713063
0.217933
0.396461
0.432438
3.103129
3.860347
0.428128
-2.741254
-0.131330
1.012948
1.153664
1.025333
0.424107
0.594926
0.901783
0.465536
0.730115
1.321192
0.763148
1.013461
0.202783
0.643588
1.195318
1.184500
-0.046947
0.216001
-0.138708
0.612288
0.408889
0.603175
0.808420
-0.571211
-0.535266
1.094441
0.969620
0.904223
1.340707
-0.096563
1.083642
0.601037
0.779612
-0.969935
