0.649885
0.239965
0.513463
0.517618
-0.199668
0.834500
0.182873
0.245658
0.047198
1.447891
0.388086
0.737246
-0.137043
0.457872
0.798043
0.364527
1.046969
0.172646
0.362993
-0.327480
0.518303
0.265962
1.093212
0.904723
0.724112
1.182049
1.180253
0.769321
0.346191
-0.015029
-0.039694
-0.162402
1.162717
0.985235
0.733632
0.781682
0.753607
0.538780
0.032037
0.705460
-0.188440
1.118567
1.610089
1.220353
0.802103
1.066836
0.098498
0.324837
0.400792
0.116701
1.076631
0.471769
0.528026
0.254313
0.630496
1.153564
0.106054
0.736209
0.756174
0.511991
0.733107
0.813555
0.858290
0.698410
0.600370
-0.267182
0.622594
0.663644
0.750113
0.935349
0.105514
0.126584
0.361687
1.037207
0.236977
-0.197146
0.578053
0.974284
0.907303
0.468083
0.024631
0.649987
0.739958
0.460115
-0.242556
0.235650
0.331654
0.972020
-0.478626
0.319531
-0.286572
0.662211
0.003386
0.666471
0.702094
0.828387
0.274686
0.883633
0.621371
1.214930
0.364169
0.119048
0.483675
-0.020180
1.128255
0.719889
0.932291
0.524556
0.465412
1.488532
0.886210
0.503976
1.220865
0.126040
0.192364
0.971295
0.718401
0.535453
0.921958
1.072697
1.357671
0.985834
0.315834
0.319270
0.276695
-0.130600
1.423415
1.169761
0.346289
0.779287
1.312892
0.971471
0.261799
0.600152
0.801841
0.663095
-0.209218
0.392578
0.731837
0.961791
-0.043964
0.690652
0.601886
0.930376
0.538855
0.710762
0.820655
1.324072
0.267313
0.410805
0.627653
0.470070
0.925440
0.125242
0.777534
0.605566
0.289629
0.469188
0.994081
-0.093645
1.075084
-0.299044
-0.270999
1.158664
1.547763
0.164100
0.089910
0.043128
0.718905
0.763583
-0.028723
1.145314
-0.026612
0.284576
0.925980
0.539068
1.112145
0.555565
0.437073
0.374197
0.331979
0.536358
0.213044
1.165399
0.704441
1.599506
0.794705
0.589954
0.191291
0.349346
1.053443
0.608896
0.732962
0.675987
-0.608839
-0.151375
-0.398349
0.118152
0.014437
-0.154275
-0.301946
0.793809
-0.121398
0.456538
0.935104
0.292388
0.159070
1.499346
0.904616
0.466079
-0.066980
0.435015
1.317261
0.234041
0.577342
1.227490
1.059200
0.845006
1.357694
1.115078
0.032089
0.431014
0.440028
-0.072387
0.575795
1.014463
0.664885
-0.505948
0.486639
0.438241
0.843787
1.046264
0.966024
-0.088598
0.607931
1.330755
0.332624
0.671231
0.108504
-0.161172
0.518885
0.598668
0.164754
0.511887
-0.022370
0.710120
0.690939
0.028351
0.530248
0.576217
0.481669
0.000010
0.165775
0.709418
0.329271
0.131647
1.043279
0.142881
0.615354
0.563676
0.612489
0.214405
0.156821
1.026032
0.287888
1.031170
0.985199
0.879594
0.788643
1.782147
0.545800
1.170774
0.696550
-0.225201
0.562979
0.866752
1.259190
0.705845
0.084297
0.836781
0.443325
0.434037
-0.199440
1.183435
0.243411
0.592489
0.973331
0.223657
0.342389
0.669131
0.452361
0.055891
0.209384
-0.008852
0.549429
0.759288
0.845399
0.253607
-0.415236
0.253754
0.307407
0.344499
0.936775
0.307459
0.497659
0.616200
0.151413
0.680987
0.572221
0.777389
0.937267
0.760986
0.373549
0.660796
1.118983
0.507595
0.200694
0.950379
0.824851
0.386673
1.060689
0.603574
1.123164
0.161453
0.271472
0.971305
0.357316
0.599559
-0.385503
0.784098
-0.366157
0.760316
1.569657
1.014345
0.420065
0.794742
0.412972
0.182851
1.174677
0.595769
0.923906
0.023519
0.664882
1.137172
0.841014
1.235167
0.986318
0.279840
1.006045
0.763166
0.833343
-0.186237
0.693761
0.438627
0.195118
-0.135315
0.086404
1.071052
0.939087
0.220349
0.646936
0.599147
0.225382
0.171749
0.881394
0.917174
0.564052
0.541379
1.070082
-0.069756
1.199320
0.646508
0.639617
0.649815
-0.256569
0.240386
0.710923
0.676151
0.678730
0.820119
0.361283
0.742955
0.641874
1.247905
0.018732
0.483606
0.605005
0.158844
0.079800
0.673801
0.347254
0.536935
0.106436
0.811632
0.179247
0.073150
1.313262
0.189360
1.155032
1.320105
